Supplemental results for CODEML (seqf: /Users/karyocana/parslCodeml/outputs/test_formatted.phylip  treef: /Users/karyocana/parslCodeml/outputs/RAxML_result.test_output.tree)


dN/dS (w) for site classes (K=11)

p:   0.07783  0.07783  0.07783  0.07783  0.07783  0.07783  0.07783  0.07783  0.07783  0.07783  0.22172
w:   0.00000  0.00000  0.00000  0.00000  0.00000  0.00000  0.00000  0.00000  0.00000  0.00000 19.97621

Naive Empirical Bayes (NEB) probabilities for 11 classes & postmean_w & P(w>1)
(amino acids refer to 1st sequence: 1)

   1 T   0.09569 0.09569 0.09569 0.09569 0.09569 0.09569 0.09569 0.09569 0.09569 0.09569 0.04314 ( 1)  0.862  0.043
   2 S   0.08321 0.08321 0.08321 0.08321 0.08321 0.08321 0.08321 0.08321 0.08321 0.08321 0.16786 (11)  3.353  0.168
   3 C   0.09269 0.09269 0.09269 0.09269 0.09269 0.09269 0.09269 0.09269 0.09269 0.09269 0.07306 ( 2)  1.459  0.073
   4 D   0.08688 0.08688 0.08688 0.08688 0.08688 0.08688 0.08688 0.08688 0.08688 0.08688 0.13118 (11)  2.620  0.131
   5 A   0.08671 0.08671 0.08671 0.08671 0.08671 0.08671 0.08671 0.08671 0.08671 0.08671 0.13294 (11)  2.656  0.133
   6 Y   0.08522 0.08522 0.08522 0.08522 0.08522 0.08522 0.08522 0.08522 0.08522 0.08522 0.14785 (11)  2.953  0.148
   7 V   0.09224 0.09224 0.09224 0.09224 0.09224 0.09224 0.09224 0.09224 0.09224 0.09224 0.07761 ( 2)  1.550  0.078
   8 -   0.00000 0.00000 0.00000 0.00000 0.00000 0.00000 0.00000 0.00000 0.00000 0.00000 1.00000 (11) 19.976  1.000

Positively selected sites

	Prob(w>1)  mean w

     8 -      1.000**       19.976


lnL =   -38.702836

Bayes Empirical Bayes (BEB) probabilities for 11 classes (class) & postmean_w
(amino acids refer to 1st sequence: 1)

   1 T   0.25926 0.08373 0.07080 0.06352 0.05810 0.05359 0.04974 0.04673 0.04577 0.09857 0.17017 ( 1)  1.208 +-  2.219
   2 S   0.19369 0.06237 0.05464 0.05098 0.04854 0.04659 0.04495 0.04380 0.04428 0.09453 0.31564 (11)  2.115 +-  3.008
   3 C   0.23905 0.07692 0.06557 0.05939 0.05488 0.05115 0.04798 0.04554 0.04501 0.09661 0.21790 ( 1)  1.507 +-  2.545
   4 D   0.20591 0.06625 0.05769 0.05348 0.05060 0.04826 0.04627 0.04483 0.04509 0.09630 0.28533 (11)  1.918 +-  2.871
   5 A   0.20985 0.06721 0.05786 0.05307 0.04973 0.04705 0.04482 0.04321 0.04332 0.09288 0.29100 (11)  1.963 +-  2.919
   6 Y   0.20240 0.06498 0.05637 0.05209 0.04916 0.04680 0.04483 0.04342 0.04368 0.09347 0.30279 (11)  2.037 +-  2.964
   7 V   0.24562 0.07885 0.06640 0.05941 0.05427 0.05005 0.04651 0.04380 0.04304 0.09275 0.21927 ( 1)  1.531 +-  2.593
   8 -   0.00099 0.00239 0.00535 0.00907 0.01331 0.01782 0.02241 0.02704 0.03234 0.07215 0.79713 (11)  5.049 +-  3.347

Positively selected sites

	Prob(w>1)  mean w

     8 -      0.797         5.049 +- 3.347

