

TREE # 1

  0  0.0000     48.107143  x:  0.00904   0.00000   0.06539   0.04438   0.12881   0.08957   0.04408   0.07116   0.08884   2.00000   0.90000   0.38578   1.63880   5.00000  
  1 99.0000     48.106975  x:  0.00904   0.00000   0.06539   0.04438   0.12881   0.08957   0.04408   0.07116   0.08884   2.00000   0.90000   0.38578   1.63880   5.00000  
  2 29.6158     47.037987  x:  0.00000   0.00000   0.04472   0.02333   0.13595   0.07132   0.02597   0.05050   0.08004   2.00189   0.89954   0.38396   1.63896   4.99995  
  3 51.6554     45.921433  x:  0.00000   0.00000   0.01816   0.00000   0.13934   0.04781   0.00202   0.02386   0.06551   2.00640   0.84344   0.38156   1.63813   4.99954  
  4 32.9548     45.854000  x:  0.00000   0.00000   0.01666   0.00000   0.13927   0.04613   0.00000   0.02236   0.06317   2.00723   0.84306   0.38144   1.63794   4.99937  
  5  6.0416     45.732734  x:  0.00000   0.00000   0.00000   0.00000   0.14028   0.06518   0.00000   0.00555   0.08007   2.01891   0.84254   0.36969   1.63830   4.99852  
  6  3.6716     45.633889  x:  0.00000   0.00000   0.00000   0.00000   0.14029   0.06080   0.00000   0.00000   0.07825   2.01834   0.84259   0.36929   1.63842   4.99881  
  7  4.1788     45.042062  x:  0.00000   0.00000   0.00000   0.00000   0.15634   0.00000   0.00000   0.00000   0.14264   2.12042   0.82360   0.29982   1.63717   4.97911  
  8  3.0357     44.521382  x:  0.00000   0.00000   0.00000   0.00000   0.14651   0.00000   0.00000   0.00000   0.00000   2.07077   0.83398   0.31183   1.63904   4.99240  
  9  4.0247     43.566513  x:  0.00000   0.00000   0.00000   0.00000   0.19076   0.00000   0.00000   0.00000   0.00000   2.32929   0.79096   0.00500   1.65263   4.94499  
 10  6.3493     40.702542  x:  0.00000   0.00000   0.00000   0.00000   0.49424   0.00000   0.00000   0.00000   0.00000   5.58243   0.90829   0.00500   0.60440   3.91336  
 11  0.9746     40.432989  x:  0.00000   0.00000   0.00000   0.00000   0.56127   0.00000   0.00000   0.00000   0.00000   6.33140   0.79073   0.00500   0.41554   3.70812  
 12  0.7079     40.250182  x:  0.00000   0.00000   0.00000   0.00000   0.64260   0.00000   0.00000   0.00000   0.00000   7.44012   0.78444   0.00500   0.13653   3.41762  
 13  0.6913     40.017329  x:  0.00000   0.00000   0.00000   0.00000   0.85637   0.00000   0.00000   0.00000   0.00000  10.99271   0.80736   0.00500   0.65192   2.55564  
 14  1.4222     39.935650  x:  0.00000   0.00000   0.00000   0.00000   0.93598   0.00000   0.00000   0.00000   0.00000  12.67528   0.72344   0.00500   0.70202   2.60773  
 15  0.3801     39.764756  x:  0.00000   0.00000   0.00000   0.00000   1.02101   0.00000   0.00000   0.00000   0.00000  15.93332   0.74360   0.00500   0.99526   3.24237  
 16  0.4167     39.510339  x:  0.00000   0.00000   0.00000   0.00000   1.31275   0.00000   0.00000   0.00000   0.00000  29.67414   0.80935   0.00500   2.28749   6.62035  
 17  5.1826     39.389425  x:  0.00000   0.00000   0.00000   0.00000   1.48656   0.00000   0.00000   0.00000   0.00000  36.56338   0.72950   0.00500   2.82982   8.13671  
 18  5.9881     39.230210  x:  0.00000   0.00000   0.00000   0.00000   2.13484   0.00000   0.00000   0.00000   0.00000  70.01648   0.77851   0.00500   5.96644  16.95282  
 19  4.3429     39.187216  x:  0.00000   0.00000   0.00000   0.00000   2.73119   0.00000   0.00000   0.00000   0.00000  99.05431   0.74445   0.00500   8.60232  24.31835  
 20 11.2474     39.149042  x:  0.00000   0.00000   0.00000   0.00000   3.51370   0.00000   0.00000   0.00000   0.00000  139.29343   0.78394   0.00500  12.36010  34.86148  
 21 15.4036     39.124767  x:  0.00000   0.00000   0.00000   0.00000   5.06451   0.00000   0.00000   0.00000   0.00000  216.26526   0.76110   0.00500  19.42538  54.56653  
 22 19.9598     39.112097  x:  0.00000   0.00000   0.00000   0.00000   6.26218   0.00000   0.00000   0.00000   0.00000  276.86794   0.78378   0.00500  25.04014  70.27355  
 23 33.1984     39.102239  x:  0.00000   0.00000   0.00000   0.00000   9.97355   0.00000   0.00000   0.00000   0.00000  462.19610   0.77316   0.00500  42.10583  117.87153  
 24 33.4279     39.099374  x:  0.00000   0.00000   0.00000   0.00000  11.50482   0.00000   0.00000   0.00000   0.00000  539.13199   0.78389   0.00500  49.21048  137.71182  
 25 54.3432     39.097573  x:  0.00000   0.00000   0.00000   0.00000  16.74809   0.00000   0.00000   0.00000   0.00000  801.27854   0.78121   0.00500  73.36532  205.07571  
 26 43.5526     39.097380  x:  0.00000   0.00000   0.00000   0.00000  17.60848   0.00000   0.00000   0.00000   0.00000  844.39766   0.78403   0.00500  77.34279  216.17278  
 27 37.7638     39.097331  x:  0.00000   0.00000   0.00000   0.00000  19.38446   0.00000   0.00000   0.00000   0.00000  933.19415   0.78397   0.00500  85.52554  238.98291  
 28 22.8425     39.097324  x:  0.00000   0.00000   0.00000   0.00000  19.41708   0.00000   0.00000   0.00000   0.00000  934.81801   0.78446   0.00500  85.67552  239.39036  
 29  0.3974     39.097246  x:  0.00000   0.00000   0.00000   0.00000  19.29705   0.00000   0.00000   0.00000   0.00000  928.61534   0.78436   0.00500  85.10104  237.69001  
 30  0.8073     39.097246  x:  0.00000   0.00000   0.00000   0.00000  19.29705   0.00000   0.00000   0.00000   0.00000  928.61534   0.78436   0.00500  85.10104  237.69001  
 31 1577.1231     39.097242  x:  0.00000   0.00000   0.00000   0.00000  19.29687   0.00000   0.00000   0.00000   0.00000  928.61535   0.78396   0.00500  85.10104  237.68999  
 32  0.0199     39.096641  x:  0.00000   0.00000   0.00000   0.00000  19.22170   0.00000   0.00000   0.00000   0.00000  928.61937   0.78440   0.00500  85.10104  237.68017  
 33  0.0095     39.081401  x:  0.00000   0.00000   0.00000   0.00000  15.69909   0.00000   0.00000   0.00000   0.00000  928.80831   0.80498   0.00500  85.10104  237.21876  
 34  4.7235     39.081303  x:  0.00000   0.00000   0.00000   0.00000  15.67517   0.00000   0.00000   0.00000   0.00000  928.80994   0.80692   0.00500  85.10104  237.21426  
 35  0.0270     39.081298  x:  0.00000   0.00000   0.00000   0.00000  15.61883   0.00000   0.00000   0.00000   0.00000  928.81401   0.80729   0.00500  85.10104  237.20276  
 36  0.0217     39.081230  x:  0.00000   0.00000   0.00000   0.00000  15.61646   0.00000   0.00000   0.00000   0.00000  928.82502   0.80732   0.00500  85.10104  237.15976  
 37  0.0056     38.956419  x:  0.00000   0.00000   0.00000   0.00000   9.47630   0.00000   0.00000   0.00000   0.00000  960.03029   0.84243   0.00500  85.10109  115.24830  
 38 137.1798     38.837591  x:  0.00000   0.00000   0.00000   0.00000   2.68419   0.00000   0.00000   0.00000   0.00000  978.97024   0.86425   0.00500  85.10112  41.49745  
 39 116.0792     38.822249  x:  0.00000   0.00000   0.00000   0.00000   1.66523   0.00000   0.00000   0.00000   0.00000  983.55429   0.86425   0.00500  85.10113  23.59787  
 40 326.9212     38.810396  x:  0.00000   0.00000   0.00000   0.00000   1.51102   0.00000   0.00000   0.00000   0.00000  985.14243   0.86110   0.00500  85.10113  17.38080  
 41 182.3032     38.717388  x:  0.00000   0.00000   0.00000   0.00000   2.89350   0.00000   0.00000   0.00000   0.00000  981.82585   0.79616   0.00500  85.10112  30.27983  
 42  8.1708     38.705182  x:  0.00000   0.00000   0.00000   0.00000   2.49736   0.00000   0.00000   0.00000   0.00000  984.09877   0.78642   0.00500  85.10113  21.39603  
 43 12.7052     38.703939  x:  0.00000   0.00000   0.00000   0.00000   2.52299   0.00000   0.00000   0.00000   0.00000  984.17586   0.77695   0.00500  85.10113  21.09201  
 44  0.1801     38.703603  x:  0.00000   0.00000   0.00000   0.00000   2.35301   0.00000   0.00000   0.00000   0.00000  984.54525   0.77821   0.00500  85.10113  19.65744  
 45  0.4532     38.703597  x:  0.00000   0.00000   0.00000   0.00000   2.35707   0.00000   0.00000   0.00000   0.00000  984.51253   0.77836   0.00500  85.10113  19.78557  
 46  0.3020     38.703597  x:  0.00000   0.00000   0.00000   0.00000   2.35762   0.00000   0.00000   0.00000   0.00000  984.51252   0.77830   0.00500  85.10113  19.78582  
 47  0.0006     38.703597  x:  0.00000   0.00000   0.00000   0.00000   2.35689   0.00000   0.00000   0.00000   0.00000  984.51462   0.77830   0.00500  85.10113  19.77948  
 48  0.0008     38.703596  x:  0.00000   0.00000   0.00000   0.00000   2.35307   0.00000   0.00000   0.00000   0.00000  984.53262   0.77829   0.00500  85.10113  19.74668  
 49  0.0047     38.703594  x:  0.00000   0.00000   0.00000   0.00000   2.35500   0.00000   0.00000   0.00000   0.00000  984.57674   0.77829   0.00500  85.10113  19.76328  
 50  0.0059     38.703440  x:  0.00000   0.00000   0.00000   0.00000   2.46826   0.00000   0.00000   0.00000   0.00000  990.24731   0.77842   0.00500  85.10122  20.73929  
 51  2.5006     38.702967  x:  0.00000   0.00000   0.00000   0.00000   2.47481   0.00000   0.00000   0.00000   0.00000  999.00000   0.77803   0.00500  85.10134  20.78093  
 52  2.7584     38.702875  x:  0.00000   0.00000   0.00000   0.00000   2.38994   0.00000   0.00000   0.00000   0.00000  999.00000   0.77955   0.00500  85.10073  20.11180  
 53  1.3339     38.702839  x:  0.00000   0.00000   0.00000   0.00000   2.37887   0.00000   0.00000   0.00000   0.00000  999.00000   0.77861   0.00500  85.10105  20.06269  
 54  0.0421     38.702836  x:  0.00000   0.00000   0.00000   0.00000   2.37702   0.00000   0.00000   0.00000   0.00000  999.00000   0.77827   0.00500  85.10111  19.98228  
 55  0.0648     38.702836  x:  0.00000   0.00000   0.00000   0.00000   2.37634   0.00000   0.00000   0.00000   0.00000  999.00000   0.77828   0.00500  85.10110  19.97620  