Supplemental results for CODEML (seqf: /Users/karyocana/parslCodeml/outputs/test_formatted.phylip  treef: /Users/karyocana/parslCodeml/outputs/RAxML_result.test_output.tree)


dN/dS (w) for site classes (K=10)

p:   0.10000  0.10000  0.10000  0.10000  0.10000  0.10000  0.10000  0.10000  0.10000  0.10000
w:   0.51825  0.54161  0.55546  0.56648  0.57635  0.58586  0.59564  0.60647  0.61993  0.64226

Naive Empirical Bayes (NEB) probabilities for 10 classes & postmean_w
(amino acids refer to 1st sequence: 1)

   1 T   0.10425 0.10262 0.10167 0.10092 0.10026 0.09963 0.09898 0.09827 0.09741 0.09599 ( 1)  0.580
   2 S   0.10096 0.10060 0.10038 0.10021 0.10006 0.09992 0.09977 0.09961 0.09941 0.09908 ( 1)  0.581
   3 C   0.10332 0.10205 0.10131 0.10072 0.10020 0.09971 0.09920 0.09865 0.09797 0.09686 ( 1)  0.580
   4 D   0.10146 0.10091 0.10058 0.10032 0.10009 0.09987 0.09965 0.09940 0.09910 0.09860 ( 1)  0.581
   5 A   0.10201 0.10123 0.10078 0.10043 0.10012 0.09982 0.09952 0.09919 0.09878 0.09812 ( 1)  0.580
   6 Y   0.10155 0.10095 0.10061 0.10034 0.10009 0.09986 0.09963 0.09937 0.09905 0.09854 ( 1)  0.581
   7 V   0.10413 0.10254 0.10161 0.10088 0.10024 0.09963 0.09901 0.09833 0.09749 0.09614 ( 1)  0.580
   8 -   0.08294 0.08917 0.09292 0.09593 0.09864 0.10128 0.10401 0.10705 0.11085 0.11722 (10)  0.584


lnL =   -40.368584

