

TREE # 1

  0  0.0000     48.849261  x:  0.00904   0.00000   0.06539   0.04438   0.12881   0.08957   0.04408   0.07116   0.08884   2.00000   0.38578   1.63880  
  1 99.0000     48.849142  x:  0.00904   0.00000   0.06539   0.04438   0.12881   0.08957   0.04408   0.07116   0.08884   2.00000   0.38578   1.63880  
  2 29.9924     48.280961  x:  0.00000   0.00000   0.05409   0.03298   0.13066   0.07811   0.03259   0.05987   0.08005   2.00203   0.38724   1.63880  
  3 35.6399     48.280961  x:  0.00000   0.00000   0.05409   0.03298   0.13066   0.07811   0.03259   0.05987   0.08005   2.00203   0.38724   1.63880  
  4  4.4607     45.352044  x:  0.00000   0.00000   0.02077   0.00099   0.23168   0.04469   0.00000   0.02658   0.05342   2.00607   0.38979   1.63727  
  5 28.6680     45.315524  x:  0.00000   0.00000   0.01979   0.00000   0.23180   0.04370   0.00000   0.02561   0.05266   2.00618   0.38986   1.63723  
  6 28.1188     45.315524  x:  0.00000   0.00000   0.01979   0.00000   0.23180   0.04370   0.00000   0.02561   0.05266   2.00618   0.38986   1.63723  
  7  3.9447     44.531775  x:  0.00000   0.00000   0.00000   0.00000   0.25658   0.02373   0.00000   0.00585   0.03716   2.00844   0.39130   1.63634  
  8 17.7403     44.403384  x:  0.00000   0.00000   0.00000   0.00000   0.25742   0.01784   0.00000   0.00000   0.03258   2.00906   0.39166   1.63608  
  9 45.6691     44.403384  x:  0.00000   0.00000   0.00000   0.00000   0.25742   0.01784   0.00000   0.00000   0.03258   2.00906   0.39166   1.63608  
 10  2.4842     44.036914  x:  0.00000   0.00000   0.00000   0.00000   0.27547   0.00000   0.00000   0.00000   0.01872   2.01105   0.39291   1.63530  
 11 12.9161     43.909436  x:  0.00000   0.00000   0.00000   0.00000   0.27654   0.00000   0.00000   0.00000   0.00000   2.01357   0.39428   1.63434  
 12 11.3884     42.103060  x:  0.00000   0.00000   0.00000   0.00000   0.70481   0.00000   0.00000   0.00000   0.00000   5.15621   3.27253   0.47262  
 13  1.4710     41.475488  x:  0.00000   0.00000   0.00000   0.00000   0.60332   0.00000   0.00000   0.00000   0.00000   7.52996   3.21045   1.68813  
 14  0.3337     41.193403  x:  0.00000   0.00000   0.00000   0.00000   0.48009   0.00000   0.00000   0.00000   0.00000  11.44283   3.14698   3.47950  
 15  2.0634     40.903795  x:  0.00000   0.00000   0.00000   0.00000   0.74419   0.00000   0.00000   0.00000   0.00000  17.50212   4.85004   4.62561  
 16  0.9197     40.700946  x:  0.00000   0.00000   0.00000   0.00000   0.61586   0.00000   0.00000   0.00000   0.00000  32.75322   5.99368  10.13635  
 17  2.0321     40.641236  x:  0.00000   0.00000   0.00000   0.00000   0.76306   0.00000   0.00000   0.00000   0.00000  38.99222   7.30954  11.68300  
 18  2.9242     40.575311  x:  0.00000   0.00000   0.00000   0.00000   0.75938   0.00000   0.00000   0.00000   0.00000  66.85677  10.53761  20.76599  
 19  3.6856     40.550214  x:  0.00000   0.00000   0.00000   0.00000   0.85868   0.00000   0.00000   0.00000   0.00000  120.37806  17.27998  37.77612  
 20  9.8450     40.540566  x:  0.00000   0.00000   0.00000   0.00000   0.79371   0.00000   0.00000   0.00000   0.00000  138.94025  19.27117  43.96483  
 21  5.7242     40.532508  x:  0.00000   0.00000   0.00000   0.00000   0.85686   0.00000   0.00000   0.00000   0.00000  225.02177  29.86309  71.54787  
 22 15.2123     40.528513  x:  0.00000   0.00000   0.00000   0.00000   0.81476   0.00000   0.00000   0.00000   0.00000  279.23970  36.26083  89.15118  
 23 22.3255     40.527286  x:  0.00000   0.00000   0.00000   0.00000   0.82399   0.00000   0.00000   0.00000   0.00000  309.87546  39.99415  99.00000  
 24 35.7356     40.527286  x:  0.00000   0.00000   0.00000   0.00000   0.82399   0.00000   0.00000   0.00000   0.00000  309.87546  39.99415  99.00000  
 25 110.4765     40.527250  x:  0.00000   0.00000   0.00000   0.00000   0.81904   0.00000   0.00000   0.00000   0.00000  309.87553  39.99753  98.99857  
 26  0.0115     40.526650  x:  0.00000   0.00000   0.00000   0.00000   0.81841   0.00000   0.00000   0.00000   0.00000  309.87707  40.07750  98.96486  
 27  0.0109     40.436592  x:  0.00000   0.00000   0.00000   0.00000   0.64790   0.00000   0.00000   0.00000   0.00000  310.34930  64.61052  88.62140  
 28 20.9053     40.410440  x:  0.00000   0.00000   0.00000   0.00000   0.73230   0.00000   0.00000   0.00000   0.00000  310.48976  71.90262  85.54628  
 29  8.1619     40.394856  x:  0.00000   0.00000   0.00000   0.00000   0.66649   0.00000   0.00000   0.00000   0.00000  310.88830  92.58872  76.82276  
 30  8.6702     40.393269  x:  0.00000   0.00000   0.00000   0.00000   0.68446   0.00000   0.00000   0.00000   0.00000  310.96995  96.81857  75.03879  
 31  3.1498     40.393088  x:  0.00000   0.00000   0.00000   0.00000   0.68007   0.00000   0.00000   0.00000   0.00000  311.01210  99.00000  74.11880  
 32  2.5327     40.393045  x:  0.00000   0.00000   0.00000   0.00000   0.67616   0.00000   0.00000   0.00000   0.00000  311.06625  99.00000  72.94027  
 33  0.7881     40.393002  x:  0.00000   0.00000   0.00000   0.00000   0.67732   0.00000   0.00000   0.00000   0.00000  311.14244  99.00000  71.28826  
 34  0.5107     40.393002  x:  0.00000   0.00000   0.00000   0.00000   0.67742   0.00000   0.00000   0.00000   0.00000  311.14159  99.00000  71.31133  
 35  0.0129     40.393002  x:  0.00000   0.00000   0.00000   0.00000   0.67742   0.00000   0.00000   0.00000   0.00000  311.14338  99.00000  71.30832  
 36  0.0004     40.392727  x:  0.00000   0.00000   0.00000   0.00000   0.67911   0.00000   0.00000   0.00000   0.00000  316.12683  99.00000  67.00058  
 37  3.4283     40.390654  x:  0.00000   0.00000   0.00000   0.00000   0.68068   0.00000   0.00000   0.00000   0.00000  335.76033  99.00000  67.68543  
 38  2.4557     40.370206  x:  0.00000   0.00000   0.00000   0.00000   0.67939   0.00000   0.00000   0.00000   0.00000  999.00000  99.00000  83.32544  
 39 153.6535     40.368591  x:  0.00000   0.00000   0.00000   0.00000   0.67906   0.00000   0.00000   0.00000   0.00000  999.00000  99.00000  71.21763  
 40 11.4101     40.368584  x:  0.00000   0.00000   0.00000   0.00000   0.68076   0.00000   0.00000   0.00000   0.00000  999.00000  99.00000  71.48131  
 41  0.2463     40.368584  x:  0.00000   0.00000   0.00000   0.00000   0.68076   0.00000   0.00000   0.00000   0.00000  999.00000  99.00000  71.45653  
 42  0.0272     40.368584  x:  0.00000   0.00000   0.00000   0.00000   0.68076   0.00000   0.00000   0.00000   0.00000  999.00000  99.00000  71.45650  