

TREE # 1

  0  0.0000     48.697353  x:  0.00904   0.00000   0.06539   0.04438   0.12881   0.08957   0.04408   0.07116   0.08884   2.00000   0.98578   0.41940   0.20769   5.24668  
  1 99.0000     48.697197  x:  0.00904   0.00000   0.06539   0.04438   0.12881   0.08957   0.04408   0.07116   0.08884   2.00000   0.98578   0.41940   0.20768   5.24668  
  2 29.4031     47.963333  x:  0.00000   0.00000   0.04950   0.02829   0.13275   0.07530   0.02985   0.05528   0.08002   2.00152   0.98674   0.41920   0.20411   5.24660  
  3 34.6717     47.302804  x:  0.00000   0.00000   0.03124   0.06952   0.14589   0.07214   0.02416   0.03572   0.06870   2.02756   0.98434   0.38763   0.00000   5.25327  
  4  4.6952     46.936928  x:  0.00000   0.00000   0.03910   0.08754   0.16406   0.04365   0.00000   0.03945   0.12077   2.07159   1.03912   0.31906   0.00000   5.25583  
  5  3.5622     46.594284  x:  0.00000   0.00000   0.03544   0.09900   0.17023   0.00000   0.00000   0.03357   0.14697   2.09064   1.06224   0.28876   0.00000   5.25856  
  6  7.6127     46.106230  x:  0.00000   0.00000   0.00607   0.09760   0.17595   0.00000   0.00000   0.00000   0.18813   2.11966   1.10206   0.24244   0.00000   5.26429  
  7 16.1001     46.070393  x:  0.00000   0.00000   0.00000   0.10292   0.17711   0.00000   0.00000   0.00000   0.19085   2.12930   1.11691   0.22949   0.00000   5.26430  
  8  6.7381     44.817249  x:  0.00000   0.00000   0.00000   0.00000   0.15896   0.00000   0.00000   0.00000   0.00123   2.04015   0.95445   0.39135   0.00000   5.25826  
  9 11.1663     42.325403  x:  0.00000   0.00000   0.00000   0.00000   0.33301   0.00000   0.00000   0.00000   0.16152   3.03532   2.52584  -1.33821   0.00000   5.43989  
 10  4.3781     42.325403  x:  0.00000   0.00000   0.00000   0.00000   0.33301   0.00000   0.00000   0.00000   0.16152   3.03532   2.52584  -1.33821   0.00000   5.43989  
 11  0.6742     41.445166  x:  0.00000   0.00000   0.00000   0.00000   0.47116   0.00000   0.00000   0.00000   0.00000   3.05275   2.51420  -1.33964   0.00000   5.44168  
 12  4.9311     41.006925  x:  0.00000   0.00000   0.00000   0.00000   0.58620   0.00000   0.00000   0.00000   0.00000   4.02461   1.44804  -1.35473   0.00000   5.42097  
 13  0.5702     40.395966  x:  0.00000   0.00000   0.00000   0.00000   1.04669   0.00000   0.00000   0.00000   0.00000   8.52122   1.66906  -1.81387   0.00000   4.92204  
 14  0.5720     40.237504  x:  0.00000   0.00000   0.00000   0.00000   1.12522   0.00000   0.00000   0.00000   0.00000   9.77151   1.08149  -1.93134   0.00000   4.85546  
 15  1.1867     39.836738  x:  0.00000   0.00000   0.00000   0.00000   1.12020   0.00000   0.00000   0.00000   0.00000  15.09384   1.15102  -2.82123   0.00000   4.68364  
 16  0.6749     39.212372  x:  0.00000   0.00000   0.00000   0.00000   0.69562   0.00000   0.00000   0.00000   0.00000  42.27727   1.33325  -7.52788   0.00000   4.15863  
 17  5.6790     39.163298  x:  0.00000   0.00000   0.00000   0.00000   0.87978   0.00000   0.00000   0.00000   0.00000  46.65182   1.30283  -8.13459   0.00000   3.94953  
 18  1.5562     39.066189  x:  0.00000   0.00000   0.00000   0.00000   0.86080   0.00000   0.00000   0.00000   0.00000  80.33604   1.16089  -13.64938   0.00000   3.31983  
 19  4.2673     39.043920  x:  0.00000   0.00000   0.00000   0.00000   0.82105   0.00000   0.00000   0.00000   0.00000  102.15793   1.34177  -17.23668   0.00000   3.12557  
 20  7.1104     38.992501  x:  0.00000   0.00000   0.00000   0.00000   0.93452   0.00000   0.00000   0.00000   0.00000  150.25038   1.05267  -25.03104   0.00000   3.24423  
 21  6.0901     38.857130  x:  0.00000   0.00000   0.00000   0.00000   0.94080   0.00000   0.00000   0.00000   0.00000  351.55245   1.49797  -57.92219   0.00000   5.06552  
 22 25.4975     38.799644  x:  0.00000   0.00000   0.00000   0.00000   1.07000   0.00000   0.00000   0.00000   0.00000  471.41530   1.17083  -77.43781   0.00000   6.26038  
 23 58.0006     38.766147  x:  0.00000   0.00000   0.00000   0.00000   1.16861   0.00000   0.00000   0.00000   0.00000  603.71009   1.24710  -99.00000   0.00000   7.48989  
 24 81.9004     38.766147  x:  0.00000   0.00000   0.00000   0.00000   1.16861   0.00000   0.00000   0.00000   0.00000  603.71009   1.24710  -99.00000   0.00000   7.48989  
 25 265.1622     38.764479  x:  0.00000   0.00000   0.00000   0.00000   1.20862   0.00000   0.00000   0.00000   0.00000  603.71013   1.27164  -99.00000   0.00000   7.49436  
 26  0.0721     38.763837  x:  0.00000   0.00000   0.00000   0.00000   1.24840   0.00000   0.00000   0.00000   0.00000  603.71042   1.23070  -99.00000   0.00000   7.54206  
 27  0.0183     38.762071  x:  0.00000   0.00000   0.00000   0.00000   1.27957   0.00000   0.00000   0.00000   0.00000  603.71143   1.23980  -99.00000   0.00000   7.71626  
 28  0.0222     38.750692  x:  0.00000   0.00000   0.00000   0.00000   1.61009   0.00000   0.00000   0.00000   0.00000  603.72690   1.29192  -99.00000   0.00000  10.37606  
 29  0.8989     38.741153  x:  0.00000   0.00000   0.00000   0.00000   1.79658   0.00000   0.00000   0.00000   0.00000  603.73698   1.16882  -99.00000   0.00000  12.09278  
 30  0.6807     38.733701  x:  0.00000   0.00000   0.00000   0.00000   1.90240   0.00000   0.00000   0.00000   0.00000  603.75397   1.28117  -99.00000   0.00000  14.96324  
 31  0.8782     38.733033  x:  0.00000   0.00000   0.00000   0.00000   1.94157   0.00000   0.00000   0.00000   0.00000  603.75761   1.25580  -99.00000   0.00000  15.55562  
 32  0.4571     38.732996  x:  0.00000   0.00000   0.00000   0.00000   1.94667   0.00000   0.00000   0.00000   0.00000  603.75910   1.26401  -99.00000   0.00000  15.77900  
 33  0.1597     38.732996  x:  0.00000   0.00000   0.00000   0.00000   1.94721   0.00000   0.00000   0.00000   0.00000  603.75927   1.26371  -99.00000   0.00000  15.78726  
 34  0.0075     38.732995  x:  0.00000   0.00000   0.00000   0.00000   1.94752   0.00000   0.00000   0.00000   0.00000  603.76027   1.26374  -99.00000   0.00000  15.79078  
 35  0.0005     38.732993  x:  0.00000   0.00000   0.00000   0.00000   1.95707   0.00000   0.00000   0.00000   0.00000  603.80261   1.26390  -99.00000   0.00000  15.88291  
 36  0.0655     38.732982  x:  0.00000   0.00000   0.00000   0.00000   1.95823   0.00000   0.00000   0.00000   0.00000  603.90856   1.26278  -99.00000   0.00000  15.87033  
 37  0.0133     38.732793  x:  0.00000   0.00000   0.00000   0.00000   1.98129   0.00000   0.00000   0.00000   0.00000  607.39291   1.24328  -99.00000   0.00000  15.67256  
 38  1.8043     38.731359  x:  0.00000   0.00000   0.00000   0.00000   2.02271   0.00000   0.00000   0.00000   0.00000  620.47124   1.24245  -99.00000   0.00000  16.08843  
 39  1.6356     38.703901  x:  0.00000   0.00000   0.00000   0.00000   2.69818   0.00000   0.00000   0.00000   0.00000  999.00000   1.24104  -99.00000   0.00000  22.79902  
 40 328.8298     38.702865  x:  0.00000   0.00000   0.00000   0.00000   2.38034   0.00000   0.00000   0.00000   0.00000  999.00000   1.24961  -99.00000   0.00000  19.80850  
 41  8.9336     38.702840  x:  0.00000   0.00000   0.00000   0.00000   2.37482   0.00000   0.00000   0.00000   0.00000  999.00000   1.25667  -99.00000   0.00000  19.95205  
 42  0.0975     38.702839  x:  0.00000   0.00000   0.00000   0.00000   2.37623   0.00000   0.00000   0.00000   0.00000  999.00000   1.25563  -99.00000   0.00000  19.97484  
 43  0.0217     38.702839  x:  0.00000   0.00000   0.00000   0.00000   2.37635   0.00000   0.00000   0.00000   0.00000  999.00000   1.25564  -99.00000   0.00000  19.97628  
 44  0.0017     38.702839  x:  0.00000   0.00000   0.00000   0.00000   2.37634   0.00000   0.00000   0.00000   0.00000  999.00000   1.25564  -99.00000   0.00000  19.97626  