

TREE # 1

  0  0.0000     51.299600  x:  0.00904   0.00000   0.06539   0.04438   0.12881   0.08957   0.04408   0.07116   0.08884   2.00000   0.18578   0.63880   2.50000   5.49558   8.19646  
  1 99.0000     51.299484  x:  0.00904   0.00000   0.06539   0.04438   0.12881   0.08957   0.04408   0.07116   0.08884   2.00000   0.18578   0.63880   2.50000   5.49558   8.19646  
  2 31.2212     50.724064  x:  0.00000   0.00000   0.05423   0.03315   0.13035   0.07941   0.03390   0.06001   0.07998   1.99957   0.18611   0.63862   2.49853   5.49564   8.19663  
  3 39.1009     50.724064  x:  0.00000   0.00000   0.05423   0.03315   0.13035   0.07941   0.03390   0.06001   0.07998   1.99957   0.18611   0.63862   2.49853   5.49564   8.19663  
  4  4.6081     47.778348  x:  0.00000   0.00000   0.02040   0.00000   0.22456   0.04887   0.00381   0.02620   0.05267   2.00403   0.18745   0.63818   2.49781   5.49503   8.19645  
  5 29.6792     47.620968  x:  0.00000   0.00000   0.01623   0.00000   0.22501   0.04508   0.00000   0.02204   0.04937   2.00454   0.18760   0.63813   2.49773   5.49496   8.19643  
  6 30.2953     47.620968  x:  0.00000   0.00000   0.01623   0.00000   0.22501   0.04508   0.00000   0.02204   0.04937   2.00454   0.18760   0.63813   2.49773   5.49496   8.19643  
  7  2.9645     46.952643  x:  0.00000   0.00000   0.00000   0.00000   0.24445   0.03034   0.00000   0.00583   0.03641   2.00659   0.18820   0.63795   2.49742   5.49467   8.19634  
  8 18.9148     46.820432  x:  0.00000   0.00000   0.00000   0.00000   0.24532   0.02506   0.00000   0.00000   0.03175   2.00729   0.18840   0.63789   2.49733   5.49458   8.19631  
  9 50.6546     46.820432  x:  0.00000   0.00000   0.00000   0.00000   0.24532   0.02506   0.00000   0.00000   0.03175   2.00729   0.18840   0.63789   2.49733   5.49458   8.19631  
 10  1.9195     46.246042  x:  0.00000   0.00000   0.00000   0.00000   0.27322   0.00000   0.00000   0.00000   0.00969   2.01073   0.18940   0.63759   2.49683   5.49410   8.19616  
 11 13.6652     46.173146  x:  0.00000   0.00000   0.00000   0.00000   0.27372   0.00000   0.00000   0.00000   0.00000   2.01214   0.18980   0.63747   2.49663   5.49390   8.19610  
 12 12.8856     43.264261  x:  0.00000   0.00000   0.00000   0.00000   0.94390   0.00000   0.00000   0.00000   0.00000   8.86750   0.68737   1.64714   3.11461   4.79570   7.10272  
 13  1.3540     42.025323  x:  0.00000   0.00000   0.00000   0.00000   0.75041   0.00000   0.00000   0.00000   0.00000  10.40871   1.94711   0.90199   1.82901   3.40866   7.06366  
 14  0.3565     41.553439  x:  0.00000   0.00000   0.00000   0.00000   0.50098   0.00000   0.00000   0.00000   0.00000  13.40694   3.84081  -0.13916   1.68757   0.68640   6.94725  
 15 10.4994     41.553439  x:  0.00000   0.00000   0.00000   0.00000   0.50098   0.00000   0.00000   0.00000   0.00000  13.40694   3.84081  -0.13916   1.68757   0.68640   6.94725  
 16  1.6111     41.482520  x:  0.00000   0.00000   0.00000   0.00000   0.62599   0.00000   0.00000   0.00000   0.00000  13.41314   3.83982  -0.13726   1.62748   0.68349   6.94708  
 17  1.1231     41.189066  x:  0.00000   0.00000   0.00000   0.00000   0.61734   0.00000   0.00000   0.00000   0.00000  13.59071   3.79516  -0.08533   0.00000   0.59593   6.94657  
 18  0.5944     41.031310  x:  0.00000   0.00000   0.00000   0.00000   0.56624   0.00000   0.00000   0.00000   0.00000  14.73110   3.56982   0.23897   0.00000   0.00000   6.94571  
 19 25.3425     40.303318  x:  0.00000   0.00000   0.00000   0.00000   0.34155   0.00000   0.00000   0.00000   0.00000  18.50121   2.78989   1.03508   0.00000   0.00000   6.94838  
 20 26.7250     39.439202  x:  0.00000   0.00000   0.00000   0.00000   0.86351   0.00000   0.00000   0.00000   0.00000  26.21182  -0.19639   1.54049   0.00000   0.00000   6.96564  
 21  1.5683     39.396635  x:  0.00000   0.00000   0.00000   0.00000   0.88509   0.00000   0.00000   0.00000   0.00000  26.10728  -0.24136   1.19120   0.00000   0.00000   6.94027  
 22  0.1678     39.319500  x:  0.00000   0.00000   0.00000   0.00000   0.99676   0.00000   0.00000   0.00000   0.00000  31.40987  -1.85768   1.35922   0.00000   0.00000   6.75438  
 23  0.6938     39.240653  x:  0.00000   0.00000   0.00000   0.00000   1.26836   0.00000   0.00000   0.00000   0.00000  46.54401  -6.44205   1.34813   0.00000   0.00000   6.16205  
 24  6.0971     39.201142  x:  0.00000   0.00000   0.00000   0.00000   1.31303   0.00000   0.00000   0.00000   0.00000  50.06837  -7.50400   1.06099   0.00000   0.00000   5.99852  
 25  3.5795     39.074946  x:  0.00000   0.00000   0.00000   0.00000   1.18492   0.00000   0.00000   0.00000   0.00000  67.58341  -12.13058   1.18325   0.00000   0.00000   5.46162  
 26  2.2656     38.990044  x:  0.00000   0.00000   0.00000   0.00000   0.86618   0.00000   0.00000   0.00000   0.00000  89.06663  -17.56349   1.31627   0.00000   0.00000   4.86641  
 27 18.5160     38.972912  x:  0.00000   0.00000   0.00000   0.00000   0.95865   0.00000   0.00000   0.00000   0.00000  106.34567  -22.47361   1.25489   0.00000   0.00000   4.31959  
 28  7.9305     38.967490  x:  0.00000   0.00000   0.00000   0.00000   0.89304   0.00000   0.00000   0.00000   0.00000  117.37787  -25.41715   1.27069   0.00000   0.00000   4.05073  
 29  7.4173     38.951642  x:  0.00000   0.00000   0.00000   0.00000   0.92744   0.00000   0.00000   0.00000   0.00000  127.02263  -28.14266   1.22514   0.00000   0.00000   4.18776  
 30  1.2529     38.843827  x:  0.00000   0.00000   0.00000   0.00000   1.26376   0.00000   0.00000   0.00000   0.00000  292.09296  -74.38586   0.96824   0.00000   0.00000   7.47335  
 31 55.4171     38.785862  x:  0.00000   0.00000   0.00000   0.00000   1.33747   0.00000   0.00000   0.00000   0.00000  356.89754  -92.41337   1.29972   0.00000   0.00000   8.61839  
 32 34.6176     38.778327  x:  0.00000   0.00000   0.00000   0.00000   1.37142   0.00000   0.00000   0.00000   0.00000  380.49745  -99.00000   1.29617   0.00000   0.00000   9.06157  
 33 50.7399     38.778327  x:  0.00000   0.00000   0.00000   0.00000   1.37142   0.00000   0.00000   0.00000   0.00000  380.49745  -99.00000   1.29617   0.00000   0.00000   9.06157  
 34 213.2777     38.776447  x:  0.00000   0.00000   0.00000   0.00000   1.34037   0.00000   0.00000   0.00000   0.00000  380.49758  -99.00000   1.25765   0.00000   0.00000   9.06758  
 35  0.0748     38.776300  x:  0.00000   0.00000   0.00000   0.00000   1.32029   0.00000   0.00000   0.00000   0.00000  380.49908  -99.00000   1.27401   0.00000   0.00000   9.10902  
 36  0.0061     38.775809  x:  0.00000   0.00000   0.00000   0.00000   1.33578   0.00000   0.00000   0.00000   0.00000  380.50330  -99.00000   1.28073   0.00000   0.00000   9.21975  
 37  0.0140     38.772649  x:  0.00000   0.00000   0.00000   0.00000   1.50012   0.00000   0.00000   0.00000   0.00000  380.56269  -99.00000   1.31129   0.00000   0.00000  10.77749  
 38  0.6449     38.769552  x:  0.00000   0.00000   0.00000   0.00000   1.60459   0.00000   0.00000   0.00000   0.00000  380.60692  -99.00000   1.24663   0.00000   0.00000  11.93069  
 39  0.3964     38.769066  x:  0.00000   0.00000   0.00000   0.00000   1.62131   0.00000   0.00000   0.00000   0.00000  380.63196  -99.00000   1.27557   0.00000   0.00000  12.58117  
 40  0.3931     38.769058  x:  0.00000   0.00000   0.00000   0.00000   1.62705   0.00000   0.00000   0.00000   0.00000  380.63497  -99.00000   1.27260   0.00000   0.00000  12.65295  
 41  0.0657     38.769057  x:  0.00000   0.00000   0.00000   0.00000   1.62807   0.00000   0.00000   0.00000   0.00000  380.63608  -99.00000   1.27295   0.00000   0.00000  12.66794  
 42  0.0067     38.769057  x:  0.00000   0.00000   0.00000   0.00000   1.62931   0.00000   0.00000   0.00000   0.00000  380.63985  -99.00000   1.27261   0.00000   0.00000  12.67198  
 43  0.0007     38.769053  x:  0.00000   0.00000   0.00000   0.00000   1.63607   0.00000   0.00000   0.00000   0.00000  380.68065  -99.00000   1.27075   0.00000   0.00000  12.69364  
 44  0.0190     38.769016  x:  0.00000   0.00000   0.00000   0.00000   1.63653   0.00000   0.00000   0.00000   0.00000  380.83995  -99.00000   1.27084   0.00000   0.00000  12.69989  
 45  0.0199     38.709256  x:  0.00000   0.00000   0.00000   0.00000   2.86564   0.00000   0.00000   0.00000   0.00000  999.00000  -99.00000   1.34271   0.00000   0.00000  26.74738  
 46 204.4021     38.703937  x:  0.00000   0.00000   0.00000   0.00000   2.23836   0.00000   0.00000   0.00000   0.00000  999.00000  -99.00000   1.30868   0.00000   0.00000  19.62084  
 47 14.8843     38.703049  x:  0.00000   0.00000   0.00000   0.00000   2.38691   0.00000   0.00000   0.00000   0.00000  999.00000  -99.00000   1.26359   0.00000   0.00000  20.62796  
 48  0.8727     38.702881  x:  0.00000   0.00000   0.00000   0.00000   2.33288   0.00000   0.00000   0.00000   0.00000  999.00000  -99.00000   1.25466   0.00000   0.00000  19.65750  
 49  0.7289     38.702839  x:  0.00000   0.00000   0.00000   0.00000   2.37535   0.00000   0.00000   0.00000   0.00000  999.00000  -99.00000   1.25604   0.00000   0.00000  19.97186  
 50  0.2385     38.702839  x:  0.00000   0.00000   0.00000   0.00000   2.37631   0.00000   0.00000   0.00000   0.00000  999.00000  -99.00000   1.25564   0.00000   0.00000  19.97601  
 51  0.0043     38.702839  x:  0.00000   0.00000   0.00000   0.00000   2.37634   0.00000   0.00000   0.00000   0.00000  999.00000  -99.00000   1.25564   0.00000   0.00000  19.97627  