

TREE # 1

  0  0.0000     51.397498  x:  0.00904   0.00000   0.06539   0.04438   0.12881   0.08957   0.04408   0.07116   0.08884   2.00000   5.00000  
  1 99.0000     51.397386  x:  0.00904   0.00000   0.06539   0.04438   0.12881   0.08957   0.04408   0.07116   0.08884   2.00000   5.00000  
  2 31.7449     50.802514  x:  0.00000   0.00000   0.05472   0.03365   0.13066   0.07979   0.03428   0.06050   0.07996   2.00581   4.99867  
  3 43.7795     47.952384  x:  0.00000   0.00000   0.00592   0.01966   0.16496   0.04618   0.00000   0.01140   0.00561   2.16770   4.96221  
  4 32.2235     47.873148  x:  0.00000   0.00000   0.00403   0.02087   0.16541   0.04542   0.00000   0.00948   0.00000   2.17037   4.96120  
  5  8.3868     47.780153  x:  0.00000   0.00000   0.00000   0.02104   0.16607   0.04447   0.00000   0.00520   0.00000   2.17482   4.95932  
  6  8.0220     47.704143  x:  0.00000   0.00000   0.00000   0.01968   0.16671   0.04390   0.00000   0.00000   0.00000   2.17917   4.95743  
  7 48.4273     47.330503  x:  0.00000   0.00000   0.00000   0.00000   0.16991   0.02733   0.00000   0.00000   0.00000   2.19977   4.94832  
  8 12.1402     47.071772  x:  0.00000   0.00000   0.00000   0.00000   0.17176   0.00000   0.00000   0.00000   0.00000   2.21216   4.94217  
  9 22.4814     41.943549  x:  0.00000   0.00000   0.00000   0.00000   1.07605   0.00000   0.00000   0.00000   0.00000   8.37053   0.35062  
 10  1.2038     41.941760  x:  0.00000   0.00000   0.00000   0.00000   1.07678   0.00000   0.00000   0.00000   0.00000   8.37521   0.32607  
 11  0.1632     41.840579  x:  0.00000   0.00000   0.00000   0.00000   0.93838   0.00000   0.00000   0.00000   0.00000   7.60774   0.39564  
 12  0.0979     41.753362  x:  0.00000   0.00000   0.00000   0.00000   0.72679   0.00000   0.00000   0.00000   0.00000   6.44449   0.49940  
 13  6.4396     41.705579  x:  0.00000   0.00000   0.00000   0.00000   0.71269   0.00000   0.00000   0.00000   0.00000   6.67845   0.44800  
 14  0.0300     41.573192  x:  0.00000   0.00000   0.00000   0.00000   0.64295   0.00000   0.00000   0.00000   0.00000   8.02737   0.32485  
 15  1.0034     41.281562  x:  0.00000   0.00000   0.00000   0.00000   0.48732   0.00000   0.00000   0.00000   0.00000  11.00084   0.57273  
 16  0.8586     41.020486  x:  0.00000   0.00000   0.00000   0.00000   0.72302   0.00000   0.00000   0.00000   0.00000  15.95022   0.63611  
 17  6.5286     40.757666  x:  0.00000   0.00000   0.00000   0.00000   0.54455   0.00000   0.00000   0.00000   0.00000  29.16461   0.70347  
 18  2.2636     40.659321  x:  0.00000   0.00000   0.00000   0.00000   0.70726   0.00000   0.00000   0.00000   0.00000  38.33190   0.68139  
 19  3.6089     40.522092  x:  0.00000   0.00000   0.00000   0.00000   0.60311   0.00000   0.00000   0.00000   0.00000  73.60180   0.55256  
 20  5.1772     40.484715  x:  0.00000   0.00000   0.00000   0.00000   0.71238   0.00000   0.00000   0.00000   0.00000  91.40858   0.54504  
 21  8.0545     40.439754  x:  0.00000   0.00000   0.00000   0.00000   0.65554   0.00000   0.00000   0.00000   0.00000  174.39282   0.48064  
 22 10.3730     40.414238  x:  0.00000   0.00000   0.00000   0.00000   0.70577   0.00000   0.00000   0.00000   0.00000  214.19203   0.57545  
 23 17.5882     40.398815  x:  0.00000   0.00000   0.00000   0.00000   0.64594   0.00000   0.00000   0.00000   0.00000  310.64123   0.61781  
 24 25.7281     40.388373  x:  0.00000   0.00000   0.00000   0.00000   0.69883   0.00000   0.00000   0.00000   0.00000  438.20339   0.61544  
 25 34.5330     40.377704  x:  0.00000   0.00000   0.00000   0.00000   0.66044   0.00000   0.00000   0.00000   0.00000  686.63933   0.57706  
 26 62.2161     40.372865  x:  0.00000   0.00000   0.00000   0.00000   0.69774   0.00000   0.00000   0.00000   0.00000  944.66748   0.57465  
 27 94.2936     40.371996  x:  0.00000   0.00000   0.00000   0.00000   0.69493   0.00000   0.00000   0.00000   0.00000  999.00000   0.57479  
 28 130.6820     40.371441  x:  0.00000   0.00000   0.00000   0.00000   0.68002   0.00000   0.00000   0.00000   0.00000  999.00000   0.58187  
 29  0.0163     40.371435  x:  0.00000   0.00000   0.00000   0.00000   0.67988   0.00000   0.00000   0.00000   0.00000  999.00000   0.58428  
 30  0.0017     40.371435  x:  0.00000   0.00000   0.00000   0.00000   0.67992   0.00000   0.00000   0.00000   0.00000  999.00000   0.58425  