

TREE # 1

  0  0.0000     49.039014  x:  0.00904   0.00000   0.06539   0.04438   0.12881   0.08957   0.04408   0.07116   0.08884   2.00000   0.57431   0.41940  
  1 99.0000     49.038899  x:  0.00904   0.00000   0.06539   0.04438   0.12881   0.08957   0.04408   0.07116   0.08884   2.00000   0.57431   0.41940  
  2 30.6613     48.485955  x:  0.00000   0.00000   0.05451   0.03342   0.13007   0.07898   0.03349   0.06028   0.07995   2.00010   0.57478   0.41874  
  3 36.5742     48.485955  x:  0.00000   0.00000   0.05451   0.03342   0.13007   0.07898   0.03349   0.06028   0.07995   2.00010   0.57478   0.41874  
  4  6.0299     45.473618  x:  0.00000   0.00000   0.02005   0.00000   0.23110   0.04576   0.00095   0.02586   0.05121   2.00451   0.57629   0.41454  
  5 29.1848     45.437396  x:  0.00000   0.00000   0.01908   0.00000   0.23119   0.04482   0.00000   0.02489   0.05043   2.00463   0.57632   0.41444  
  6 28.2738     45.437396  x:  0.00000   0.00000   0.01908   0.00000   0.23119   0.04482   0.00000   0.02489   0.05043   2.00463   0.57632   0.41444  
  7  5.2705     44.676668  x:  0.00000   0.00000   0.00000   0.00000   0.25422   0.02632   0.00000   0.00583   0.03475   2.00697   0.57708   0.41226  
  8 18.0430     44.548230  x:  0.00000   0.00000   0.00000   0.00000   0.25481   0.02068   0.00000   0.00000   0.02997   2.00765   0.57727   0.41165  
  9 44.6856     44.548230  x:  0.00000   0.00000   0.00000   0.00000   0.25481   0.02068   0.00000   0.00000   0.02997   2.00765   0.57727   0.41165  
 10  3.8701     44.106632  x:  0.00000   0.00000   0.00000   0.00000   0.27611   0.00000   0.00000   0.00000   0.01244   2.01024   0.57808   0.40926  
 11 13.0939     44.016938  x:  0.00000   0.00000   0.00000   0.00000   0.27664   0.00000   0.00000   0.00000   0.00000   2.01199   0.57861   0.40766  
 12 12.5297     42.289346  x:  0.00000   0.00000   0.00000   0.00000   0.66725   0.00000   0.00000   0.00000   0.00000   4.64610   0.00001   0.35589  
 13  1.2223     41.890698  x:  0.00000   0.00000   0.00000   0.00000   0.67048   0.00000   0.00000   0.00000   0.00000   5.29184   0.80262   0.52229  
 14  0.8836     41.760355  x:  0.00000   0.00000   0.00000   0.00000   0.65317   0.00000   0.00000   0.00000   0.00000   5.61834   0.90165   0.32541  
 15  0.6166     40.879615  x:  0.00000   0.00000   0.00000   0.00000   0.63402   0.00000   0.00000   0.00000   0.00000   6.13271   0.79327   0.00000  
 16  2.2658     40.766758  x:  0.00000   0.00000   0.00000   0.00000   0.63216   0.00000   0.00000   0.00000   0.00000   6.80456   0.65218   0.00000  
 17  3.9481     40.150111  x:  0.00000   0.00000   0.00000   0.00000   0.90317   0.00000   0.00000   0.00000   0.00000  14.99108   0.73638   0.00000  
 18  1.0239     39.963872  x:  0.00000   0.00000   0.00000   0.00000   1.21083   0.00000   0.00000   0.00000   0.00000  27.94106   0.65240   0.00000  
 19  2.2414     39.890418  x:  0.00000   0.00000   0.00000   0.00000   1.30568   0.00000   0.00000   0.00000   0.00000  32.17053   0.75538   0.00000  
 20  2.3206     39.811262  x:  0.00000   0.00000   0.00000   0.00000   1.77483   0.00000   0.00000   0.00000   0.00000  56.97027   0.72843   0.00000  
 21  3.1005     39.795569  x:  0.00000   0.00000   0.00000   0.00000   1.90298   0.00000   0.00000   0.00000   0.00000  64.05070   0.76960   0.00000  
 22  6.3745     39.767719  x:  0.00000   0.00000   0.00000   0.00000   2.48171   0.00000   0.00000   0.00000   0.00000  100.65861   0.75376   0.00000  
 23  4.5766     39.761419  x:  0.00000   0.00000   0.00000   0.00000   2.63699   0.00000   0.00000   0.00000   0.00000  111.45614   0.77704   0.00000  
 24  6.2594     39.735004  x:  0.00000   0.00000   0.00000   0.00000   2.98189   0.00000   0.00000   0.00000   0.00000  146.56723   0.76133   0.00000  
 25  4.3891     39.659781  x:  0.00000   0.00000   0.00000   0.00000   3.78048   0.00000   0.00000   0.00000   0.00000  297.27795   0.77460   0.00000  
 26 18.8391     39.527768  x:  0.00000   0.00000   0.00000   0.00000   2.53389   0.00000   0.00000   0.00000   0.00000  425.66000   0.73750   0.00000  
 27 16.0485     39.386515  x:  0.00000   0.00000   0.00000   0.00000   1.05840   0.00000   0.00000   0.00000   0.00000  500.03625   0.71484   0.00000  
 28 365.5476     39.384783  x:  0.00000   0.00000   0.00000   0.00000   1.13441   0.00000   0.00000   0.00000   0.00000  515.75470   0.72611   0.00000  
 29 15.1340     39.381568  x:  0.00000   0.00000   0.00000   0.00000   1.09499   0.00000   0.00000   0.00000   0.00000  551.78029   0.74280   0.00000  
 30 128.4324     39.378455  x:  0.00000   0.00000   0.00000   0.00000   1.01999   0.00000   0.00000   0.00000   0.00000  648.68665   0.73074   0.00000  
 31 12.1133     39.369064  x:  0.00000   0.00000   0.00000   0.00000   1.15275   0.00000   0.00000   0.00000   0.00000  999.00000   0.73324   0.00000  
 32 95.2414     39.368256  x:  0.00000   0.00000   0.00000   0.00000   1.10452   0.00000   0.00000   0.00000   0.00000  999.00000   0.73648   0.00000  
 33  0.0430     39.368253  x:  0.00000   0.00000   0.00000   0.00000   1.10251   0.00000   0.00000   0.00000   0.00000  999.00000   0.73586   0.00000  
 34  0.0021     39.368253  x:  0.00000   0.00000   0.00000   0.00000   1.10268   0.00000   0.00000   0.00000   0.00000  999.00000   0.73584   0.00000  